416776
423219
424113
424729
808
419913
152
416779
423454
423562
423698
423805
423956
424097
424300
424437
424569
424790
424806
424940
424949
424956
423054
414809
418130
422915
423213
423561
423728
423730
414102
422411
415087
418038
421791
422581
422644
418628
419585
421696
422451
422556
422596
422856
416942
417400
417450
417451
417568
417644
417758
418049
418055
418083
418175
418188
418246
418285
418286
418530
418532
418564
418586
418620
418789
418790
418834
418858
419013
419246
419268
419373
419465
419492
419503
419504
419533
419627
419674
419689
419809
419848
419870
419954
419968
420031
420159
420192
420219
420283
420321
420330
420351
420385
420388
420446
420461
420567
420596
420598
420642
420656
420689
420702
420722
420796
420800
420812
420864
420868
421000
421009
421024
421056
421157
421256
421283
421356
421359
421392
421405
421422
421467
421477
421632
421673
421728
421764
421787
421795
421797
421869
421874
421983
422105
422117
422124
422132
422169
422174
422182
422190
422194
422222
422225
422232
422280
422343
422400
422509
422538
422545
422567
422605
422631
422718
422792
422831
422835
422840
422875
422916
422941
422964
422970
422974
422986
422987
422999
423076
423097
423118
423168
423176
423196
423276
423286
423298
423316
423347
423349
423360
423383
423392
423417
423426
423427
423461
423465
423467
423481
423500
423520
423557
423569
423573
423639
423653
423657
423665
423707
423711
423738
423743
423752
423763
423779
423845
423849
423864
423884
423891
423899
423949
423997
424002
424042
424046
424052
424058
424063
424073
424081
424084
424101
424108
424111
424124
424126
424147
424164
424178
424181
424185
424195
424196
424203
424208
424209
424215
424234
424244
424249
424311
424322
424376
424416
424429
424434
424490
424492
424507
424511
424515
424516
424518
424524
424526
424529
424532
424546
424549
424553
424558
424562
424580
424581
424583
424587
424604
424616
424620
424627
424633
424643
424647
424649
424658
424663
424674
424677
424678
424684
424689
424696
424698
424700
424702
424704
424711
424714
424716
424717
424719
424721
424730
424731
424734
424737
424742
424744
424750
424756
424757
424758
424763
424766
424767
424768
424769
424772
424773
424774
424775
424777
424779
424782
424783
424792
424796
424799
424802
424807
424808
424810
424821
424823
424826
424835
424837
424846
424847
424849
424853
424854
424856
422496
422599
422855
423047
423412
423556
424858
424862
424864
424865
424866
424867
424869
424871
424872
424877
424879
424880
424881
424885
424886
424887
424889
424893
424894
424896
424898
424900
424902
424905
424907
424908
424909
424912
424913
424914
424915
424917
424918
424919
424920
424922
424929
424930
424931
424932
424934
424935
424936
424938
424941
424945
424947
424955
424957
424959
424964
424966
424967
424969
424970
424971
424972
424973
421772
422708
422711
422716
422719
422720
422725
422726
422728
422729
422732
422733
422737
422743
422745
422747
422748
422752
422754
422756
422763
422770
422773
422774
422776
422777
422779
422788
422789
422795
422800
422804
422806
422809
422812
422822
422828
422830
422841
422844
422846
422848
422849
422852
422854
422858
422863
422864
422867
422872
422874
422880
422881
422901
422902
422907
422918
422922
422928
422932
422934
422936
422939
422944
422945
422950
422952
422960
422961
422977
422980
422981
422983
422991
422993
422994
423002
423004
423007
423008
423013
423015
423024
423026
423028
423030
423039
423041
423042
423045
423046
423050
423053
423055
423057
423063
423064
423065
423067
423077
423078
423082
423084
423089
423095
423098
423099
423110
423114
423117
423119
423121
423123
423125
423126
423127
423130
423132
423133
423137
423145
423156
423164
423166
423167
423169
423170
423173
423174
423177
423181
423184
423187
423215
423216
423217
423230
423231
423242
423243
423245
423249
423282
423294
423303
423309
423310
423311
423320
423322
423324
423326
423330
423338
423339
423340
423341
423342
423344
423346
423351
423355
423356
423357
423368
423370
423371
423373
423374
423375
423378
423380
423385
423387
423389
423393
423394
423396
423399
423400
423404
423407
423408
423415
423418
423419
423420
423424
423425
423428
423430
423433
423435
423436
423437
423438
423439
423444
423449
423455
423456
423457
423458
423460
423462
423471
423477
423480
423482
423485
423487
423489
423490
423491
423503
423505
423507
423509
423512
423515
423516
423522
423524
423526
423527
423528
423531
423532
423534
423538
423541
423544
423545
423546
423548
423549
423555
423558
423560
423563
423564
423566
423568
423575
423581
423584
423585
423586
423587
423588
423594
423596
423597
423598
423602
423603
423604
423612
423615
423617
423618
423622
423623
423624
423631
423641
423643
423648
423650
423652
423655
423672
423702
423704
423709
423713
423714
423715
423717
423719
423720
423722
423732
423735
423736
423737
423741
423745
423754
423758
423759
423764
423771
423772
423774
423775
423777
423778
423781
423782
423783
423784
423787
423792
423794
423797
423798
423800
423801
423802
423804
423806
423809
423810
423812
423814
423815
423818
423822
423824
423829
423830
423831
423835
423838
423839
423840
423841
423844
423846
423847
423851
423854
423855
423856
423857
423858
423859
423862
423863
423865
423868
423871
423874
423878
423880
423881
423883
423886
423887
423889
423892
423894
423895
423901
423906
423908
423909
423912
423913
423918
423920
423921
423922
423926
423929
423932
423937
423938
423939
423940
423941
423946
423954
423957
423967
423969
423970
423971
423974
423979
423980
423981
423982
423985
423989
423992
423994
423995
424001
424003
424004
424008
424009
424012
424013
424014
424015
424017
424018
424019
424025
424032
424033
424037
424049
424053
424059
424062
424064
424065
424067
424074
424075
424089
424092
424093
424104
424106
424110
424112
424116
424121
424125
424130
424141
424165
424166
424172
424199
424202
424212
424219
424221
424222
424223
424225
424226
424227
424230
424232
424233
424235
424236
424238
424240
424243
424246
424248
424252
424253
424254
424255
424256
424257
424258
424262
424264
424267
424269
424273
424274
424276
424277
424278
424279
424281
424282
424284
424285
424286
424287
424290
424291
424296
424297
424301
424305
424308
424309
424314
424315
424317
424318
424319
424321
424324
424326
424327
424328
424329
424330
424332
424334
424335
424336
424337
424338
424341
424342
424343
424346
424347
424348
424349
424351
424356
424359
424361
424362
424363
424364
424366
424369
424370
424382
424385
424387
424390
424392
424393
424394
424397
424398
424401
424402
424405
424407
424408
424413
424414
424417
424418
424419
424422
424426
424430
424433
424435
424438
424439
424440
424441
424442
424444
424445
424446
424447
424448
424449
424450
424452
424454
424457
424458
424459
424460
424465
424470
424471
424472
424473
424474
424475
424476
424479
424481
424485
424486
424487
424489
424496
424498
424502
424504
424505
424509
424510
424517
424519
424520
424521
424528
424530
424534
424536
424537
424538
424539
424545
424548
424550
424552
424556
424557
424559
424560
424561
424565
424570
424571
424572
424573
424575
424582
424584
424586
424588
424589
424591
424592
424593
424594
424595
424596
424601
424602
424606
424608
424609
424610
424612
424613
424614
424621
424622
424623
424625
424626
424628
424630
424632
424635
424640
424641
424642
424644
424645
424646
424648
424650
424653
424654
424655
424659
424665
424667
424668
424671
424672
424673
424679
424681
424682
424685
424687
424688
424690
424692
424695
424699
424701
424705
424706
424708
424709
424712
424713
424720
424722
424723
424724
424725
424727
424738
424740
424741
424743
424746
424747
424748
424751
424755
424759
424764
424770
424771
424780
424785
424787
424788
424789
424794
424797
424801
424814
424815
424816
424818
424822
424824
424828
424833
424836
424838
424839
424840
424841
424848
424851
424852
424855
424859
424860
424861
424863
424868
424870
424873
424874
424875
424878
424882
424883
424884
424888
424890
424891
424892
424895
424901
424903
424904
424910
424911
424916
424921
424924
424926
424927
424928
424933
424937
424939
424942
424943
424946
424951
424952
424960
424962
424963
424968
416266
416428
418445
422418
422923
423186
423295
423599
423834
424083
424651
424697
424776
424813
424827
417058
417068
417069
417107
417150
417194
417243
417257
417376
417490
417586
417643
417697
417874
417914
417957
418070
418186
418193
418214
418221
418249
418262
418292
418301
418326
418362
418363
418367
418377
418398
418412
418436
418438
418462
418535
418547
418576
418638
418642
418645
418661
418676
418721
418764
418840
418843
418844
418845
418847
418857
418863
418867
418869
418872
418875
418884
418886
418889
418890
418893
418899
418900
418914
418917
418918
418932
418946
418955
418966
418968
418971
418981
418984
418995
418996
418999
419003
419019
419022
419027
419030
419035
419040
419041
419043
419056
419064
419079
419080
419089
419091
419092
419101
419107
419112
419113
419122
419127
419128
419134
419138
419148
419167
419170
419173
419178
419181
419183
419185
419194
419196
419215
419219
419221
419226
419230
419232
419234
419242
419247
419249
419252
419254
419258
419262
419263
419264
419280
419284
419289
419298
419303
419304
419306
419315
419319
419320
419321
419326
419330
419332
419337
419347
419350
419351
419353
419356
419361
419362
419363
419367
419369
419375
419380
419381
419382
419384
419385
419387
419392
419394
419396
419400
419401
419403
419404
419407
419411
419414
419416
419419
419422
419428
419431
419432
419439
419444
419450
419454
419455
419456
419458
419461
419462
419469
419477
419481
419482
419484
419485
419486
419489
419497
419499
419508
419511
419512
419514
419515
419522
419525
419528
419529
419531
419534
419545
419549
419550
419556
419559
419560
419561
419565
419566
419568
419570
419572
419574
419576
419581
419582
419583
419590
419595
419598
419599
419600
419601
419609
419613
419618
419622
419630
419637
419638
419645
419648
419649
419658
419659
419661
419668
419676
419677
419678
419697
419700
419705
419710
419712
419717
419720
419723
419730
419733
419740
419745
419746
419747
419750
419757
419758
419759
419760
419761
419766
419773
419780
419783
419788
419790
419791
419792
419794
419795
419796
419797
419799
419801
419806
419810
419815
419817
419818
419820
419825
419826
419827
419828
419830
419833
419836
419846
419847
419850
419860
419864
419865
419871
419875
419879
419882
419883
419884
419892
419893
419899
419901
419904
419909
419910
419920
419933
419935
419936
419939
419944
419949
419951
419956
419958
419960
419963
419965
419967
419969
419973
419976
419977
419978
419979
419984
419987
419988
419991
419994
419995
419999
420007
420013
420015
420016
420017
420025
420028
420039
420044
420051
420052
420055
420059
420063
420069
420077
420081
420087
420088
420089
420097
420142
420143
420144
420150
420174
420177
420178
420182
420187
420195
420197
420198
420199
420200
420203
420206
420210
420214
420217
420218
420220
420223
420224
420228
420229
420237
420241
420246
420253
420255
420258
420262
420267
420270
420271
420273
420274
420275
420276
420277
420280
420292
420305
420306
420307
420309
420311
420315
420319
420320
420324
420325
420326
420328
420334
420343
420344
420355
420368
420378
420382
420390
420396
420400
420407
420411
420420
420421
420423
420430
420431
420435
420439
420440
420441
420442
420443
420450
420453
420454
420463
420465
420468
420476
420478
420480
420481
420484
420486
420487
420493
420500
420501
420502
420504
420509
420510
420519
420523
420525
420527
420533
420537
420542
420543
420544
420547
420548
420550
420552
420553
420558
420560
420561
420566
420575
420577
420579
420581
420588
420589
420592
420599
420603
420605
420607
420613
420616
420618
420619
420622
420623
420629
420631
420635
420638
420641
420643
420645
420646
420649
420653
420657
420660
420668
420671
420672
420675
420676
420678
420682
420684
420686
420688
420692
420693
420695
420697
420698
420699
420705
420706
420714
420716
420723
420728
420729
420731
420735
420736
420742
420743
420754
420756
420759
420760
420764
420771
420772
420774
420778
420780
420782
420788
420790
420792
420803
420805
420807
420815
420818
420819
420822
420823
420825
420826
420830
420832
420833
420836
420839
420841
420847
420849
420852
420853
420860
420861
420862
420865
420869
420879
420880
420895
420901
420902
420905
420908
420917
420943
420944
420945
420947
420948
420949
420952
420953
420954
420957
420962
420963
420965
420971
420973
420977
420979
420981
420982
420984
420986
420993
421007
421010
421013
421015
421017
421027
421028
421029
421030
421035
421036
421037
421039
421040
421044
421047
421053
421057
421064
421068
421074
421075
421078
421082
421087
421089
421090
421094
421095
421097
421100
421101
421107
421108
421113
421116
421120
421123
421125
421130
421133
421134
421137
421142
421144
421145
421146
421147
421149
421150
421153
421156
421158
421160
421161
421162
421163
421166
421167
421168
421170
421171
421176
421177
421178
421183
421186
421204
421205
421207
421208
421210
421214
421218
421220
421222
421226
421229
421232
421241
421242
421247
421248
421251
421254
421258
421265
421273
421276
421277
421281
421282
421285
421286
421287
421290
421291
421301
421307
421312
421316
421317
421322
421324
421326
421335
421337
421339
421342
421344
421346
421348
421349
421352
421355
421357
421360
421363
421364
421368
421369
421377
421383
421384
421389
421393
421396
421399
421403
421406
421407
421410
421414
421415
421416
421420
421425
421438
421446
421447
421449
421450
421451
421452
421453
421454
421456
421458
421468
421472
421474
421475
421490
421491
421497
421498
421511
421512
421515
421517
421518
421525
421526
421531
421532
421543
421544
421546
421548
421552
421555
421557
421558
421560
421568
421571
421574
421575
421584
421589
421590
421591
421593
421602
421614
421619
421620
421623
421628
421629
421633
421634
421643
421649
421655
421658
421667
421707
421717
421718
421722
421726
421732
421734
421735
421743
421744
421751
421752
421755
421758
421759
421760
421763
421769
421770
421771
421775
421776
421777
421778
421780
421782
421792
421798
421801
421804
421807
421808
421809
421815
421816
421818
421822
421823
421830
421832
421833
421834
421839
421842
421846
421847
421850
421852
421856
421863
421865
421867
421868
421870
421872
421875
421878
421879
421883
421886
421891
421892
421894
421896
421899
421900
421901
421902
421910
421914
421915
421921
421925
421932
421933
421934
421935
421936
421943
421944
421945
421950
421951
421953
421954
421958
421959
421961
421962
421969
421970
421971
421973
421974
421977
421979
421980
421985
421987
421993
421995
421996
421998
421999
422000
422002
422005
422006
422007
422008
422011
422013
422019
422022
422025
422026
422027
422028
422032
422036
422038
422040
422041
422042
422044
422045
422046
422047
422048
422049
422051
422052
422060
422064
422070
422073
422077
422080
422088
422091
422093
422094
422095
422096
422098
422101
422103
422104
422108
422112
422127
422129
422130
422135
422137
422138
422139
422142
422143
422150
422152
422155
422158
422166
422167
422168
422170
422173
422176
422180
422181
422184
422186
422189
422193
422195
422196
422202
422205
422206
422207
422212
422220
422221
422227
422230
422234
422235
422239
422241
422242
422243
422244
422245
422251
422252
422253
422254
422255
422259
422262
422263
422264
422268
422269
422271
422273
422274
422278
422279
422281
422283
422284
422286
422299
422302
422303
422304
422305
422306
422307
422312
422313
422315
422317
422323
422325
422326
422331
422332
422333
422334
422337
422347
422350
422352
422354
422357
422360
422366
422376
422378
422386
422388
422395
422397
422399
422409
422420
422423
422429
422434
422437
422456
422459
422461
422477
422480
422483
422485
422490
422500
422504
422507
422513
422515
422516
422521
422530
422532
422534
422535
422540
422541
422542
422543
422544
422547
422551
422555
422562
422564
422565
422568
422573
422574
422579
422583
422589
422590
422592
422593
422594
422595
422600
422602
422603
422606
422607
422608
422611
422612
422614
422615
422616
422617
422621
422622
422623
422627
422630
422632
422634
422641
422642
422645
422647
422648
422654
422655
422656
422657
422668
422670
422671
422672
422673
422678
422683
422686
422687
422688
422693
422695
422696
422703
422706
422707
422731
422744
422749
422769
422772
422778
422785
422808
422829
422834
422836
422838
422860
422866
422876
422885
422895
422909
422912
422917
422948
422949
423018
423023
423032
423061
423073
423085
423092
423112
423116
423120
423147
423154
423171
423178
423185
423191
423199
423202
423211
423220
423317
423321
423325
423332
423336
423348
423352
423354
423361
423367
423369
423376
423398
423402
423409
423410
423434
423445
423452
423459
423463
423464
423468
423469
423472
423473
423476
423494
423498
423502
423504
423510
423513
423530
423533
423552
423554
423572
423576
423578
423592
423595
423605
423606
423616
423620
423628
423633
423634
423651
423654
423658
423694
423708
423716
423742
423744
423746
423747
423750
423793
423808
423811
423816
423820
423836
423843
423852
423861
423882
423902
423903
423933
423934
423963
423965
423972
424022
424023
424028
424035
424040
424056
424060
424090
424099
424120
424145
424188
424190
424205
424210
424211
424214
424216
424217
424224
424237
424261
424265
424268
424289
424293
424307
424310
424313
424320
424331
424371
424372
424373
424378
424383
424399
424406
424409
424412
424420
424425
424427
424462
424488
424506
424512
424525
424531
424533
424540
424542
424547
424555
424566
424568
424576
424578
424598
424605
424607
424615
424617
424618
424619
424636
424638
424639
424652
424657
424660
424661
424666
424675
424676
424691
424693
424694
424710
424715
424732
424736
424739
424749
424753
424754
424760
424762
424765
424778
424784
424786
424791
424793
424800
424803
424805
424809
424811
424812
424817
424820
424829
424830
424831
424832
424834
424842
424843
424844
424845
424850
424857
415963
416671
416782
416901
417203
417307
417414
417516
417574
417719
418052
418127
418128
418178
420190
420633
420696
420899
421648
421651
421653
421660
421661
421681
421727
421733
421740
421781
421820
421849
421853
421854
421903
421904
421912
421926
421927
421946
421952
421976
421988
422021
422023
422037
422057
422063
422066
422069
422071
422072
422083
422107
422110
422119
422120
422179
422240
422250
422294
422316
422318
422327
422329
422348
422353
422355
422356
422358
422372
422383
422387
422401
422404
422406
422412
422448
422449
422463
422474
422486
422487
422489
422491
422493
422508
422517
422519
422528
422558
422572
422598
422619
422625
422626
422635
422639
422640
422646
422650
422659
422677
422684
422700
422710
422712
422713
422714
422734
422740
422766
422775
422784
422802
422803
422818
422821
422826
422839
422851
422865
422878
422884
422887
422905
422908
422925
422942
422955
422962
422966
422971
422973
422982
422995
422997
423003
423012
423027
423034
423069
423071
423079
423083
423094
423103
423113
423129
423131
423139
423142
423144
423159
423183
423193
423205
423229
423235
423258
423269
423285
423287
423313
423314
423315
423318
423319
423337
423359
423364
423379
423386
423391
423401
423411
423413
423416
423422
423431
423443
423446
423447
423450
423451
423484
423486
423488
423495
423511
423519
423525
423550
423589
423600
423601
423619
423636
423656
423676
423680
423690
423703
423712
423723
423726
423727
423731
423740
423756
423760
423766
423769
423770
423776
423791
423796
423817
423823
423828
423832
423833
423837
423848
423893
423910
423914
423931
423944
423952
423987
423988
423990
423991
423998
424000
424031
424057
424068
424072
424100
424103
424117
424118
424128
424131
424146
424170
424191
424201
424204
424207
424228
424229
424231
424251
424266
424294
424298
424312
424323
424325
424345
424350
424352
424353
424357
424374
424386
424389
424403
424423
424424
424431
424432
424443
424461
424464
424493
424495
424497
424499
424500
424501
424503
424508
424513
424522
424535
424543
424590
424599
424603
424611
424631
424670
424683
424703
424707
424718
424726
424728
424733
424735
424745
424752
424761
424781
424795
424825
424876
424897
424899
424906
424923
424925
424954
424965
418802
416687
421470
420626
809
423155
414786
415006
416865
417951
418014
418113
418185
422160
422192
422257
422300
422498
422559
422782
422796
422819
422832
422859
423329
423536
423638
423640
423876
423917
423923
423945
423948
423953
423959
423961
423968
423978
423984
423993
424016
424026
424029
424030
424061
424066
424070
424085
424094
424107
424119
424127
424132
424135
424136
424138
424139
424143
424144
424149
424153
424154
424158
424160
424168
424171
424177
424180
424182
424183
424184
424189
424194
424197
424213
424220
424242
424263
424270
424271
424272
424275
424280
424288
424292
424295
424304
424316
424340
424365
424375
424377
424379
424381
424391
424396
424410
424428
424483
424523
424544
424567
424577
416335
416891
417015
417351
417938
417970
418039
418088
418206
419398
419779
420046
420711
421185
422178
422282
422691
422722
422741
422742
422813
422861
422889
422891
423175
423188
423209
423214
423218
423222
423239
423255
423291
423305
423363
423366
423381
423388
423475
423506
423521
423539
423559
423625
423630
423644
423646
423661
423751
423958
423976
424011
424114
424129
424142
424175
424198
424206
424218
424241
424247
424250
424260
424563
424579
424600
416492
417182
417183
417454
417486
417515
417524
417680
417707
417716
417756
417780
417787
417924
418003
418007
418072
418126
418154
418155
418312
421666
421966
421986
422308
422481
422604
422705
422791
422816
422869
422938
423070
423179
423194
423224
423238
423272
423292
423301
423397
423514
423518
423529
423542
423547
423635
423649
423659
423767
423773
423780
423786
423789
423807
423825
423873
423879
423888
423897
423904
423907
423915
423925
423928
423935
423942
423950
423951
423955
423973
424006
424010
424021
424038
424044
424050
424098
424102
424109
424122
424137
424140
424148
424150
424151
424152
424156
424162
424174
424176
424179
424192
424200
424239
424245
424259
424354
424358
424368
424400
424551
424554
424574
415359
415846
416633
416679
417208
419195
421730
422074
422342
422414
422462
422553
422629
422704
422758
422959
422998
423040
423043
423086
423124
423297
423333
423345
423362
423365
423372
423377
423423
423501
423535
423551
423571
423580
423590
423607
423627
423660
423686
423687
423689
423691
423701
423725
423734
423757
423803
423850
423867
423869
423877
423890
423898
423900
423911
423986
424048
424055
424078
424086
424088
424091
424133
424155
424302
424455
424468
424480
424494
424656
417204
417645
418041
418078
418082
418114
419342
421683
422121
422144
422422
422435
422539
422793
422814
422937
422953
422968
422984
423019
423044
423074
423146
423200
423304
423353
423403
423405
423406
423429
423470
423496
423497
423517
423570
423593
423621
423637
423662
423673
423681
423682
423683
423685
423688
423697
423710
423724
423748
423753
423790
423885
423930
423947
423964
423966
423983
423996
424027
424036
424039
424041
424043
424069
424077
424087
424159
424161
424163
424167
424173
424186
424451
424466
424624
414782
415278
416766
417021
417166
418137
418195
418245
418250
420072
421576
421642
421690
421747
421786
421799
421997
422165
422171
422175
422501
422628
422760
422798
422843
422893
423005
423011
423021
423036
423037
423080
423136
423203
423277
423284
423335
423343
423478
423479
423493
423523
423540
423543
423565
423567
423591
423613
423629
423632
423642
423645
423663
423664
423666
423669
423675
423684
423696
423706
423718
423739
423762
423765
423785
423788
423795
423799
423813
423819
423821
423826
423842
423870
423905
423916
423924
423927
423936
423943
423960
423962
423975
423999
424005
424020
424024
424034
424071
424079
424080
424095
424096
424105
424115
424123
424157
424169
424193
424333
424384
424477
424491
424585
424597
417774
417796
420814
421016
422679
423414
423609
423699
423827
423860
423896
423919
424134
424299
424303
424306
424339
424344
424380
424388
424395
424404
424411
424415
424421
424436
424453
424456
424463
424467
424469
424478
424482
424484
424514
424629
424662
424664
424669
424680
424686
422301
423626
416847
416951
417018
417023
418119
418364
418483
418522
418528
418597
418629
418631
418648
418694
418724
418756
418808
418809
418818
418822
421876
422369
411466
415361
416508
422892
810
416868
416920
417010
417016
417024
417494
417647
417932
417982
418371
418374
418384
418414
418426
418442
418443
418457
418459
418460
418469
418479
418481
418485
418491
418501
418506
418541
418545
418557
418558
418568
418569
418570
418573
418574
418583
418589
418590
418601
418602
418714
418719
418745
418804
418807
418811
418817
418819
418826
418829
418835
420997
421851
421908
422524
422546
422582
422597
422618
422653
422669
422721
422896
422914
422927
422954
422969
422979
422996
423093
423135
423180
423182
423208
419911
419912
150
151
422588
424187
424283
424355
424360
424367
424527
424541
416631
416667
419166
424634
424637
418352
423226
423234
423248
423250
423253
423260
423261
423263
423274
423275
423165
423228
423240
423262
423264
423259
423265
423271
422862
423052
423157
423190
423232
423236
423241
423246
423252
423254
423256
423267
423268
424564
424798
424804
424819
424944
424950
424953
424958
424961
423001
423279
423221
423233
423244
423087
421423
424948
423257
423278
420541
